2    1.0    667.0    97.0    245.0    311.0
3    1.0    667.0    96.0    245.0    312.0
4    1.0    667.0    94.0    243.0    314.0
5    1.0    666.0    93.0    237.0    315.0
6    1.0    664.0    94.0    235.0    315.0
6    2.0    396.0    201.0    75.0    94.0
7    1.0    660.0    94.0    239.0    317.0
7    2.0    396.0    201.0    76.0    94.0
8    1.0    657.0    96.0    242.0    318.0
8    2.0    397.0    203.0    74.0    91.0
9    1.0    654.0    97.0    244.0    318.0
9    2.0    396.0    194.0    85.0    105.0
10    1.0    653.0    97.0    243.0    319.0
10    2.0    398.0    192.0    86.0    107.0
11    1.0    652.0    97.0    244.0    318.0
11    2.0    398.0    191.0    88.0    109.0
12    1.0    651.0    98.0    243.0    317.0
13    1.0    652.0    96.0    239.0    318.0
14    1.0    650.0    94.0    239.0    319.0
14    2.0    410.0    190.0    86.0    107.0
15    1.0    649.0    91.0    240.0    321.0
15    2.0    414.0    189.0    85.0    109.0
16    1.0    648.0    91.0    242.0    319.0
16    2.0    416.0    189.0    85.0    110.0
17    1.0    647.0    91.0    242.0    317.0
17    2.0    417.0    189.0    86.0    111.0
18    1.0    645.0    90.0    246.0    316.0
18    2.0    418.0    189.0    85.0    112.0
19    1.0    645.0    92.0    247.0    314.0
19    2.0    420.0    188.0    85.0    113.0
20    1.0    645.0    93.0    246.0    312.0
20    2.0    421.0    187.0    86.0    114.0
21    1.0    645.0    94.0    245.0    311.0
22    1.0    645.0    94.0    246.0    311.0
23    1.0    644.0    93.0    247.0    311.0
24    1.0    645.0    93.0    245.0    311.0
25    1.0    645.0    93.0    246.0    311.0
26    1.0    645.0    93.0    246.0    310.0
27    1.0    648.0    91.0    242.0    311.0
27    2.0    432.0    201.0    77.0    96.0
28    1.0    650.0    89.0    242.0    312.0
28    2.0    433.0    201.0    75.0    95.0
29    1.0    652.0    87.0    242.0    313.0
29    2.0    433.0    201.0    75.0    95.0
30    1.0    653.0    89.0    242.0    310.0
30    2.0    435.0    202.0    74.0    93.0
31    1.0    655.0    90.0    239.0    310.0
32    1.0    657.0    90.0    236.0    310.0
33    1.0    658.0    92.0    234.0    312.0
34    1.0    660.0    92.0    230.0    314.0
35    1.0    659.0    91.0    235.0    317.0
36    1.0    659.0    91.0    238.0    317.0
37    1.0    660.0    91.0    239.0    320.0
38    1.0    660.0    91.0    239.0    320.0
39    1.0    658.0    93.0    243.0    319.0
40    1.0    658.0    95.0    243.0    320.0
41    1.0    655.0    99.0    246.0    319.0
42    1.0    654.0    102.0    247.0    318.0
42    2.0    436.0    207.0    81.0    93.0
43    1.0    652.0    105.0    248.0    317.0
43    2.0    436.0    207.0    81.0    93.0
44    1.0    649.0    108.0    250.0    318.0
44    2.0    441.0    225.0    60.0    70.0
45    1.0    648.0    106.0    245.0    322.0
45    2.0    446.0    236.0    44.0    57.0
46    1.0    644.0    105.0    247.0    326.0
46    2.0    446.0    240.0    41.0    53.0
47    1.0    640.0    107.0    252.0    326.0
47    2.0    446.0    239.0    41.0    53.0
48    1.0    639.0    109.0    251.0    325.0
48    2.0    446.0    240.0    39.0    51.0
49    1.0    638.0    109.0    249.0    327.0
49    2.0    447.0    243.0    36.0    47.0
50    1.0    638.0    109.0    246.0    328.0
51    1.0    639.0    110.0    241.0    328.0
52    1.0    638.0    110.0    240.0    330.0
53    1.0    637.0    110.0    242.0    330.0
54    1.0    636.0    110.0    242.0    330.0
55    1.0    636.0    109.0    240.0    331.0
56    1.0    635.0    109.0    241.0    330.0
57    1.0    635.0    109.0    241.0    330.0
58    1.0    632.0    109.0    245.0    331.0
59    1.0    630.0    109.0    246.0    331.0
60    1.0    627.0    108.0    248.0    334.0
2    1.0    667.0    97.0    245.0    311.0
3    1.0    667.0    96.0    245.0    312.0
4    1.0    667.0    94.0    243.0    314.0
5    1.0    666.0    93.0    237.0    315.0
6    1.0    664.0    94.0    235.0    315.0
6    2.0    396.0    201.0    75.0    94.0
7    1.0    660.0    94.0    239.0    317.0
7    2.0    396.0    201.0    76.0    94.0
8    1.0    657.0    96.0    242.0    318.0
8    2.0    397.0    203.0    74.0    91.0
9    1.0    654.0    97.0    244.0    318.0
9    2.0    396.0    194.0    85.0    105.0
10    1.0    653.0    97.0    243.0    319.0
10    2.0    398.0    192.0    86.0    107.0
11    1.0    652.0    97.0    244.0    318.0
11    2.0    398.0    191.0    88.0    109.0
12    1.0    651.0    98.0    243.0    317.0
13    1.0    652.0    96.0    239.0    318.0
14    1.0    650.0    94.0    239.0    319.0
14    2.0    410.0    190.0    86.0    107.0
15    1.0    649.0    91.0    240.0    321.0
15    2.0    414.0    189.0    85.0    109.0
16    1.0    648.0    91.0    242.0    319.0
16    2.0    416.0    189.0    85.0    110.0
17    1.0    647.0    91.0    242.0    317.0
17    2.0    417.0    189.0    86.0    111.0
18    1.0    645.0    90.0    246.0    316.0
18    2.0    418.0    189.0    85.0    112.0
19    1.0    645.0    92.0    247.0    314.0
19    2.0    420.0    188.0    85.0    113.0
20    1.0    645.0    93.0    246.0    312.0
20    2.0    421.0    187.0    86.0    114.0
21    1.0    645.0    94.0    245.0    311.0
22    1.0    645.0    94.0    246.0    311.0
23    1.0    644.0    93.0    247.0    311.0
24    1.0    645.0    93.0    245.0    311.0
25    1.0    645.0    93.0    246.0    311.0
26    1.0    645.0    93.0    246.0    310.0
27    1.0    648.0    91.0    242.0    311.0
27    2.0    432.0    201.0    77.0    96.0
28    1.0    650.0    89.0    242.0    312.0
28    2.0    433.0    201.0    75.0    95.0
29    1.0    652.0    87.0    242.0    313.0
29    2.0    433.0    201.0    75.0    95.0
30    1.0    653.0    89.0    242.0    310.0
30    2.0    435.0    202.0    74.0    93.0
31    1.0    655.0    90.0    239.0    310.0
32    1.0    657.0    90.0    236.0    310.0
33    1.0    658.0    92.0    234.0    312.0
34    1.0    660.0    92.0    230.0    314.0
35    1.0    659.0    91.0    235.0    317.0
36    1.0    659.0    91.0    238.0    317.0
37    1.0    660.0    91.0    239.0    320.0
38    1.0    660.0    91.0    239.0    320.0
39    1.0    658.0    93.0    243.0    319.0
2    1.0    667.0    97.0    245.0    311.0
3    1.0    667.0    96.0    245.0    312.0
4    1.0    667.0    94.0    243.0    314.0
5    1.0    666.0    93.0    237.0    315.0
6    1.0    664.0    94.0    235.0    315.0
6    2.0    396.0    201.0    75.0    94.0
7    1.0    660.0    94.0    239.0    317.0
7    2.0    396.0    201.0    76.0    94.0
8    1.0    657.0    96.0    242.0    318.0
8    2.0    397.0    203.0    74.0    91.0
9    1.0    654.0    97.0    244.0    318.0
9    2.0    396.0    194.0    85.0    105.0
10    1.0    653.0    97.0    243.0    319.0
10    2.0    398.0    192.0    86.0    107.0
11    1.0    652.0    97.0    244.0    318.0
11    2.0    398.0    191.0    88.0    109.0
12    1.0    651.0    98.0    243.0    317.0
13    1.0    652.0    96.0    239.0    318.0
14    1.0    650.0    94.0    239.0    319.0
14    2.0    410.0    190.0    86.0    107.0
15    1.0    649.0    91.0    240.0    321.0
15    2.0    414.0    189.0    85.0    109.0
16    1.0    648.0    91.0    242.0    319.0
16    2.0    416.0    189.0    85.0    110.0
17    1.0    647.0    91.0    242.0    317.0
17    2.0    417.0    189.0    86.0    111.0
18    1.0    645.0    90.0    246.0    316.0
18    2.0    418.0    189.0    85.0    112.0
19    1.0    645.0    92.0    247.0    314.0
19    2.0    420.0    188.0    85.0    113.0
20    1.0    645.0    93.0    246.0    312.0
20    2.0    421.0    187.0    86.0    114.0
21    1.0    645.0    94.0    245.0    311.0
22    1.0    645.0    94.0    246.0    311.0
23    1.0    644.0    93.0    247.0    311.0
24    1.0    645.0    93.0    245.0    311.0
25    1.0    645.0    93.0    246.0    311.0
26    1.0    645.0    93.0    246.0    310.0
27    1.0    648.0    91.0    242.0    311.0
27    2.0    432.0    201.0    77.0    96.0
28    1.0    650.0    89.0    242.0    312.0
28    2.0    433.0    201.0    75.0    95.0
29    1.0    652.0    87.0    242.0    313.0
29    2.0    433.0    201.0    75.0    95.0
30    1.0    653.0    89.0    242.0    310.0
30    2.0    435.0    202.0    74.0    93.0
31    1.0    655.0    90.0    239.0    310.0
32    1.0    657.0    90.0    236.0    310.0
33    1.0    658.0    92.0    234.0    312.0
34    1.0    660.0    92.0    230.0    314.0
35    1.0    659.0    91.0    235.0    317.0
36    1.0    659.0    91.0    238.0    317.0
37    1.0    660.0    91.0    239.0    320.0
38    1.0    660.0    91.0    239.0    320.0
39    1.0    658.0    93.0    243.0    319.0
40    1.0    658.0    95.0    243.0    320.0
41    1.0    655.0    99.0    246.0    319.0
42    1.0    654.0    102.0    247.0    318.0
42    2.0    436.0    207.0    81.0    93.0
43    1.0    652.0    105.0    248.0    317.0
43    2.0    436.0    207.0    81.0    93.0
44    1.0    649.0    108.0    250.0    318.0
44    2.0    441.0    225.0    60.0    70.0
45    1.0    648.0    106.0    245.0    322.0
45    2.0    446.0    236.0    44.0    57.0
46    1.0    644.0    105.0    247.0    326.0
46    2.0    446.0    240.0    41.0    53.0
47    1.0    640.0    107.0    252.0    326.0
47    2.0    446.0    239.0    41.0    53.0
48    1.0    639.0    109.0    251.0    325.0
48    2.0    446.0    240.0    39.0    51.0
49    1.0    638.0    109.0    249.0    327.0
49    2.0    447.0    243.0    36.0    47.0
50    1.0    638.0    109.0    246.0    328.0
51    1.0    639.0    110.0    241.0    328.0
52    1.0    638.0    110.0    240.0    330.0
53    1.0    637.0    110.0    242.0    330.0
54    1.0    636.0    110.0    242.0    330.0
55    1.0    636.0    109.0    240.0    331.0
56    1.0    635.0    109.0    241.0    330.0
57    1.0    635.0    109.0    241.0    330.0
58    1.0    632.0    109.0    245.0    331.0
59    1.0    630.0    109.0    246.0    331.0
60    1.0    627.0    108.0    248.0    334.0
2    1.0    667.0    97.0    245.0    311.0
3    1.0    667.0    96.0    245.0    312.0
4    1.0    667.0    94.0    243.0    314.0
5    1.0    666.0    93.0    237.0    315.0
6    1.0    664.0    94.0    235.0    315.0
6    2.0    396.0    201.0    75.0    94.0
7    1.0    660.0    94.0    239.0    317.0
7    2.0    396.0    201.0    76.0    94.0
8    1.0    657.0    96.0    242.0    318.0
8    2.0    397.0    203.0    74.0    91.0
9    1.0    654.0    97.0    244.0    318.0
9    2.0    396.0    194.0    85.0    105.0
10    1.0    653.0    97.0    243.0    319.0
10    2.0    398.0    192.0    86.0    107.0
11    1.0    652.0    97.0    244.0    318.0
11    2.0    398.0    191.0    88.0    109.0
12    1.0    651.0    98.0    243.0    317.0
13    1.0    652.0    96.0    239.0    318.0
14    1.0    650.0    94.0    239.0    319.0
14    2.0    410.0    190.0    86.0    107.0
15    1.0    649.0    91.0    240.0    321.0
15    2.0    414.0    189.0    85.0    109.0
16    1.0    648.0    91.0    242.0    319.0
16    2.0    416.0    189.0    85.0    110.0
17    1.0    647.0    91.0    242.0    317.0
17    2.0    417.0    189.0    86.0    111.0
18    1.0    645.0    90.0    246.0    316.0
18    2.0    418.0    189.0    85.0    112.0
19    1.0    645.0    92.0    247.0    314.0
19    2.0    420.0    188.0    85.0    113.0
20    1.0    645.0    93.0    246.0    312.0
20    2.0    421.0    187.0    86.0    114.0
21    1.0    645.0    94.0    245.0    311.0
22    1.0    645.0    94.0    246.0    311.0
23    1.0    644.0    93.0    247.0    311.0
24    1.0    645.0    93.0    245.0    311.0
25    1.0    645.0    93.0    246.0    311.0
2    1.0    667.0    97.0    245.0    311.0
3    1.0    667.0    96.0    245.0    312.0
4    1.0    667.0    94.0    243.0    314.0
5    1.0    666.0    93.0    237.0    315.0
6    1.0    664.0    94.0    235.0    315.0
6    2.0    396.0    201.0    75.0    94.0
7    1.0    660.0    94.0    239.0    317.0
7    2.0    396.0    201.0    76.0    94.0
8    1.0    657.0    96.0    242.0    318.0
8    2.0    397.0    203.0    74.0    91.0
9    1.0    654.0    97.0    244.0    318.0
9    2.0    396.0    194.0    85.0    105.0
10    1.0    653.0    97.0    243.0    319.0
10    2.0    398.0    192.0    86.0    107.0
11    1.0    652.0    97.0    244.0    318.0
11    2.0    398.0    191.0    88.0    109.0
12    1.0    651.0    98.0    243.0    317.0
13    1.0    652.0    96.0    239.0    318.0
14    1.0    650.0    94.0    239.0    319.0
14    2.0    410.0    190.0    86.0    107.0
15    1.0    649.0    91.0    240.0    321.0
15    2.0    414.0    189.0    85.0    109.0
16    1.0    648.0    91.0    242.0    319.0
16    2.0    416.0    189.0    85.0    110.0
17    1.0    647.0    91.0    242.0    317.0
17    2.0    417.0    189.0    86.0    111.0
18    1.0    645.0    90.0    246.0    316.0
18    2.0    418.0    189.0    85.0    112.0
19    1.0    645.0    92.0    247.0    314.0
19    2.0    420.0    188.0    85.0    113.0
20    1.0    645.0    93.0    246.0    312.0
20    2.0    421.0    187.0    86.0    114.0
21    1.0    645.0    94.0    245.0    311.0
22    1.0    645.0    94.0    246.0    311.0
23    1.0    644.0    93.0    247.0    311.0
24    1.0    645.0    93.0    245.0    311.0
25    1.0    645.0    93.0    246.0    311.0
26    1.0    645.0    93.0    246.0    310.0
27    1.0    648.0    91.0    242.0    311.0
27    2.0    432.0    201.0    77.0    96.0
28    1.0    650.0    89.0    242.0    312.0
28    2.0    433.0    201.0    75.0    95.0
29    1.0    652.0    87.0    242.0    313.0
29    2.0    433.0    201.0    75.0    95.0
30    1.0    653.0    89.0    242.0    310.0
30    2.0    435.0    202.0    74.0    93.0
31    1.0    655.0    90.0    239.0    310.0
32    1.0    657.0    90.0    236.0    310.0
33    1.0    658.0    92.0    234.0    312.0
34    1.0    660.0    92.0    230.0    314.0
35    1.0    659.0    91.0    235.0    317.0
36    1.0    659.0    91.0    238.0    317.0
37    1.0    660.0    91.0    239.0    320.0
38    1.0    660.0    91.0    239.0    320.0
39    1.0    658.0    93.0    243.0    319.0
40    1.0    658.0    95.0    243.0    320.0
41    1.0    655.0    99.0    246.0    319.0
42    1.0    654.0    102.0    247.0    318.0
42    2.0    436.0    207.0    81.0    93.0
43    1.0    652.0    105.0    248.0    317.0
43    2.0    436.0    207.0    81.0    93.0
44    1.0    649.0    108.0    250.0    318.0
44    2.0    441.0    225.0    60.0    70.0
45    1.0    648.0    106.0    245.0    322.0
45    2.0    446.0    236.0    44.0    57.0
46    1.0    644.0    105.0    247.0    326.0
46    2.0    446.0    240.0    41.0    53.0
47    1.0    640.0    107.0    252.0    326.0
47    2.0    446.0    239.0    41.0    53.0
48    1.0    639.0    109.0    251.0    325.0
48    2.0    446.0    240.0    39.0    51.0
